$ANSIBLE_VAULT;1.1;AES256
33336366646237663164363537663861353633393531636366623765373635323664333165313338
3365373230346532616239666266633332393130313432360a343163346435613462383632633638
62353832643339366236623133356636366534326134633966623230333665333630363335376135
3532666264343739640a303061396236396363326536336563653363366230396639633430663438
31356535623739643464373863393236393661633266636332346264303463393934353938336530
31383232363830383434343136373663623737653536336439386364383764663936663632626133
63303538323039346262393136316337383961366361643136306430656332373264323331306133
33633530313337336466356564646662373438323934333036383030623739393135313637623266
33393830623039333862383137366535303133373737303335633736376531343562313362633434
36393733343866363164323839653938616335333161656135653665373134346339333664396365
30613662613339343037396139653666633830386536356263633761613261333935316433393936
31393434633064306333326464653136636562363632353731366131646166336638383430646138
39323066333362303363363166373231373737316435626361396564326430303766636562346665
63303765326161303636663166656134633630393561656630306332653038386433666436323637
34383365346135363061356631376564643534393834323532633165653238393163373037656635
39386366313330376436306139643163376264623163633262333966666162376538356461326336
32386334333165366666396161613637653534333563336336303462393935333232373665353466
65313661613464373836666537333635376662643532343033343963363236623831646633643662
63393932613639346365646433393434626462623533393133373233323437626663626465383338
32656535363535653366663239323161373736396238383535646634656537316235643165343364
65346535333164613533643536336362663466656334623535653963663364313038646332346464
64386162353263353336313163333465356239323633626262336462373064663163663535303761
63303363653032663266303730343133366630336637663764356232623532623135663361393036
32656133613033636138663931363033363232373463636432626461306231643861616166313162
61333138313863623832653737373063636131616132333234363138646134376265623463353532
66653736633236356663653233653663363132633266313032656463393830663239613539343933
64313863653536626134636266366666353934333834353637633361613262333563366239356162
30366261656630333962623036646137343833386166623238336530666138653633623961656262
31643563336664656664333538646632633832353462303066336235353562623966633064373164
31343834373932653761396364303736616566343232613766646137386261636262303565323931
36373962613734613564646464353465653062656137613562333639393539346466376430316164
38336162343939353463336263666564333563613939646238346365313562313836656263386630
32366131393835323438656531346434303532366238346165353063316333373061353662353131
66363638653332646634633030393165633236356636386361333234346534396363653863623961
31373963343761323930623864633563303137663835623561346530386533616664346334626165
32663331646138383736616330626632393061326437643162643636636161383163613734633131
66393931643839333432366239643965343563386230396530323933396163306463636366613464
39643165333061333039633461343661656132666236393264336437316333643665323036633938
34366537643462373363343239396330633538343531356331313339363066303837366139303730
64653133653332366362363731313765306563393533633464346366653336363936373264323936
65396231613861343630333739336434663666663431633265303039643133616539366561353130
35613931663037353830396233633862326330653761333434653234346537346631356366646633
39306339613639303764663664383862313734333432623262396130613366383931323762363435
64386439613961356439623861383566346437653932393762313164343361343038646535633939
34633066663836663761386662643730336639653235623331366230633266366466393730363030
33653031656132376337323663356266343932633931323838326639316566356262316361353236
35383531663232393635353136396264663534383137613062343363663465363862383162663431
62333439313137393435363563383365616562656633396663343063333665306430356339613833
39643064306262653532633738373339643461343632646636333963663830633033316339383333
66613365326636666333356338646263356635386664663634363536366466383635323862373666
38306634386637326431663537396234333665613838393032323330353162393935393462663263
61653164626134376662356133636163366464643031376131323565623638373736306330316335
61346232383261646538323937343764393134353635323133333664313833363363626633386430
31633836336433656230633739373966666163333738356232316462333165393230666661663139
36393739376538623965326232316437313937386338393233323038306434646464646261633466
63373831396232646266313364626536663130396661393563323466623466343537396332393330
31613962353838393333383766613838613163333031393136343132323431383566343133353830
30663832393835316339306264353561336637353132336434663865393132656635393237633039
38393461393364643663376431346138663331366531343535313762366564643935353630666133
61336135353335623130383137336339306364653138613165303662363964353535316233653239
30363462326432313432313039393161303030323030643366383230626538626662376532353332
36316539353434346331363332666232353632613937643466646365333735386339646665313863
35333933346364343835303865653931613962303165663833366139313865626337393635363632
65313537316335623861663330356139373331623661386532316135333962613431613862383836
32623364653134316665333365333333306138353335633532306365343334363638306138623131
66386634356639306564353964383065353665653266313938623732366538393363313338613031
31666335373836623661376664623961613336636636633633666437663231333936633731333463
32343536363966646434646639623435353461346435386365616363343032616134623931646431
38333436363365396539393139303935623765656535613939623537313939666537323334663539
30376434663864363138653239613732623236656566633461353731343566313136393165303832
33663639636135343163363638386331336131626338313266356262346332363061613138333831
61633637616665666631356134343264316632646634656438643137353930643438633936633166
34646638653735363562363363653263343938653266346464383138303539353437313563353032
61313432346562306430356566336563646633346263306434646434643439303333613631313132
66336535333332636135366431663831393662633032353233363537306331383533626436393734
39336563656233656632643530613033663366323438646334346465333331333965633532643037
64386330626536663062623865316637393039393339373564383936643232636666613365643034
32333932343032306635306236353636373833336163373333666164383732353037623965663936
66653666313463326235316339633634356465623238633731363436373230623034633931376332
31343832363933346636646565303037653833373635616431303534316364613262643034653163
30636565366138646264366331313430663734343764343337613939613736616163303834666562
38366532353034373464363438643334326335333665336230333434623730616435326230623235
363230656663313231666334643465663538
